32809
20621
41229
17050
23552
35875
20094
46829
45031
29917
47524
21127
42103
44354
46661
40361
49373
39156
21904
43064
32868
22557
26582
32641
47276
26856
41930
38097
46618
25181
21572
25436
23955
44314
39290
19050
31250
37961
20127
48601
28887
31497
16832
35594
39833
21778
20032
25319
34714
44825
30942
34089
18994
24732
23003
36737
44078
29060
31899
29475
18739
20066
23500
20895
47947
23360
43300
44437
34759
36207
35657
35896
19856
25472
38646
45802
27764
46224
36009
46756
24950
47906
38674
33988
28097
44512
38687
25852
30652
19316
40466
18136
27788
24945
30557
21772
27343
46239
31933
37494
